112321131231
112321131231
112321131231
112321131231112321131231112321131231
112321131231
112321131231
112321131231
112321131231
112321131231
112321131231
112321131231
112321131231
112321131231112321131231
112321131231
112321131231112321131231
112321131231
112321131231112321131231
112321131231
112321131231
112321131231112321131231
112321131231
112321131231
112321131231112321131231
112321131231
112321131231
112321131231
112321131231
112321131231
112321131231
112321131231112321131231
112321131231
112321131231
112321131231
112321131231112321131231
112321131231112321131231
112321131231
112321131231
112321131231
112321131231
112321131231
112321131231
112321131231
112321131231
112321131231
112321131231
112321131231112321131231
112321131231
112321131231
112321131231
112321131231
112321131231
112321131231
112321131231
112321131231
112321131231
112321131231
112321131231
112321131231
112321131231
112321131231